Linear_RMSE: 1184.3484558112918
Lasso_RMSE: 461.77611144203087
Ridge_RMSE: 1184.3481831115823
