Linear_RMSE: 56892861.69406818
Lasso_RMSE: 1947802.7073202569
Ridge_RMSE: 92508815.89741868
