Part 1:
Linear_RMSE: 56892861.69406818
Lasso_RMSE: 1947802.7073202569
Ridge_RMSE: 92508815.89741868

Part 2:
Linear_RMSE: 1184.3484558112918
Lasso_RMSE: 461.77611144203087
Ridge_RMSE: 1184.3481831115823