Part 1 Results:
RMSE_test_linear: 56166013.85551599
RMSE_test_lasso: 1848231.7266995136
RMSE_test_ridge: 56166013.85776752
Part 2 Results:
RMSE_test_linear: 1184.3484558112889
RMSE_test_lasso: 461.77611144203087
RMSE_test_ridge: 1184.3481831111865
