RMSE_test_linear: 67312773.3777364
RMSE_test_lasso: 1713843.1982331064
RMSE_test_ridge: 67312773.38076189
