Correlation Matrix:

           col_0     col_1     col_2     col_3     col_4     col_5     col_6     col_7  ...    col_12    col_13    col_14    col_15    col_16    col_17    col_18    col_19
col_0   1.000000  0.149023  0.152280  0.029691  0.102211  0.066203 -0.094829 -0.069665  ... -0.228256 -0.105619 -0.038890  0.039471  0.250932  0.165227  0.068399 -0.190891
col_1   0.149023  1.000000  0.065297 -0.056127  0.229115 -0.018199 -0.037906 -0.020403  ... -0.023332 -0.234846 -0.290656 -0.026638 -0.079428  0.032171 -0.069414 -0.041556
col_2   0.152280  0.065297  1.000000 -0.093707  0.030888 -0.013858  0.083373 -0.035597  ... -0.074200 -0.001255  0.166657 -0.031723  0.030139  0.032040  0.039236  0.123773
col_3   0.029691 -0.056127 -0.093707  1.000000  0.055460  0.300831  0.042759 -0.001396  ... -0.212645  0.068291  0.076539  0.130993  0.018606  0.002864 -0.008578 -0.058204
col_4   0.102211  0.229115  0.030888  0.055460  1.000000  0.234467 -0.046118 -0.177247  ... -0.132922  0.097778 -0.037243 -0.012881  0.116735  0.068514 -0.054623 -0.160444
col_5   0.066203 -0.018199 -0.013858  0.300831  0.234467  1.000000  0.087745 -0.082006  ... -0.036325  0.026098  0.049215 -0.040392  0.076254 -0.058154 -0.050286  0.009030
col_6  -0.094829 -0.037906  0.083373  0.042759 -0.046118  0.087745  1.000000  0.083646  ... -0.021553  0.055474  0.236237 -0.060623  0.042544 -0.201100 -0.011286  0.103844
col_7  -0.069665 -0.020403 -0.035597 -0.001396 -0.177247 -0.082006  0.083646  1.000000  ... -0.047821  0.053582  0.101595 -0.069077 -0.121983  0.108967 -0.063195  0.022258
col_8  -0.063232  0.166055  0.111884  0.036239  0.019499  0.042315  0.108250  0.047452  ... -0.154315 -0.042823 -0.064536 -0.006047 -0.191629 -0.094565 -0.002556 -0.009603
col_9   0.041306 -0.077868 -0.043530  0.061560 -0.121585 -0.152783  0.187414  0.103127  ...  0.049993  0.017457 -0.132871  0.073452  0.151082  0.119832  0.021707  0.094431
col_10  0.002088 -0.165458  0.107342 -0.095408 -0.150068 -0.114258 -0.097236 -0.093071  ...  0.157047 -0.015718 -0.026877  0.133224 -0.067545 -0.036907 -0.027779  0.107568
col_11  0.092044 -0.026499 -0.147246  0.036727 -0.087581 -0.158571 -0.041323  0.036117  ... -0.063633  0.104309 -0.123445  0.135070  0.180073 -0.029550  0.102276 -0.137502
col_12 -0.228256 -0.023332 -0.074200 -0.212645 -0.132922 -0.036325 -0.021553 -0.047821  ...  1.000000 -0.064993 -0.078646  0.013103  0.025684 -0.020289 -0.022828  0.074675       
col_13 -0.105619 -0.234846 -0.001255  0.068291  0.097778  0.026098  0.055474  0.053582  ... -0.064993  1.000000  0.031312  0.066644 -0.000622  0.012331 -0.005216 -0.016024       
col_14 -0.038890 -0.290656  0.166657  0.076539 -0.037243  0.049215  0.236237  0.101595  ... -0.078646  0.031312  1.000000 -0.084260  0.105574 -0.081524  0.053110  0.006767       
col_15  0.039471 -0.026638 -0.031723  0.130993 -0.012881 -0.040392 -0.060623 -0.069077  ...  0.013103  0.066644 -0.084260  1.000000  0.100963 -0.054406 -0.052411 -0.160842       
col_16  0.250932 -0.079428  0.030139  0.018606  0.116735  0.076254  0.042544 -0.121983  ...  0.025684 -0.000622  0.105574  0.100963  1.000000  0.130857  0.010679 -0.031588       
col_17  0.165227  0.032171  0.032040  0.002864  0.068514 -0.058154 -0.201100  0.108967  ... -0.020289  0.012331 -0.081524 -0.054406  0.130857  1.000000  0.149385  0.050372       
col_18  0.068399 -0.069414  0.039236 -0.008578 -0.054623 -0.050286 -0.011286 -0.063195  ... -0.022828 -0.005216  0.053110 -0.052411  0.010679  0.149385  1.000000  0.073070       
col_19 -0.190891 -0.041556  0.123773 -0.058204 -0.160444  0.009030  0.103844  0.022258  ...  0.074675 -0.016024  0.006767 -0.160842 -0.031588  0.050372  0.073070  1.000000       

[20 rows x 20 columns]

genexpress_predict:

Head:               x0           x1          x2         x3         x4          x5          x6  ...        x995          x996          x997       x998        x999      x1000           y
0  105641.205692   420.717074  372.704512  20.098777  15.918625  -87.431781  239.181052  ... -229.962434  -5931.317573  12059.078874  91.310064  149.539639  21.571842   19.220505
1   23979.154939   -36.551220  508.462823  19.963592  15.431920   32.264376   87.124170  ... -157.228606  14019.859371  -1625.978839  79.661956  151.617384  19.612784  869.605545
2   58621.182299  1203.290304  -21.960801  20.424596  20.210945  104.879434  -14.273102  ...  251.290780   3070.950617   3205.316493  38.055792  162.735905  21.502878  377.220936
3  134191.642515  -255.848814  190.657814  19.495905  17.480405  -41.349825   40.063522  ... -106.221145   5593.407535   -265.093421  57.363456  158.541594  20.970530 -956.473428
4  111838.517301  -380.025906  240.416437  19.189721  19.865868   -9.269352 -176.988629  ...  -87.855070   6239.974091   4905.514042  31.185651  141.168589  20.128882   34.285491

[5 rows x 1002 columns]

Tail:                x0           x1          x2         x3         x4          x5          x6  ...        x995          x996          x997       x998        x999      x1000           y
495  -4406.090408   453.767832  680.354605  20.183288  22.775765  114.519199   34.356445  ...   12.329210   2902.927051 -20370.426914  55.055186  158.928588  19.018749 -564.357741
496 -39410.208125  -216.570809   51.874024  21.487060  21.678045  -48.545964 -175.858881  ...  -91.716542 -22025.314053 -41708.793398  39.903759  152.660651  19.087239   68.630182
497 -30769.231815   104.294400   48.849532  20.243971  23.174560   -9.504914  177.553619  ...  165.930727  14086.692199  25952.449371  91.999792  144.861246  21.767020  -33.827958
498 -60934.297976 -1257.508215 -287.024952  18.943636  21.911180  -65.201117   18.843105  ...  -90.510231   2526.147369  -1998.256167  58.211087  143.908647  18.455205   65.532406
499  -4641.401153  -391.719770  102.331283  18.774567  17.437475   -3.400530    9.267621  ...   21.324979 -21688.226147  43094.313405  54.683415  141.179617  21.215259  360.660484

[5 rows x 1002 columns]

Linear RMSE: 1184.348455811291.
Lasso RMSE: 461.77611144203087.
Ridge RMSE: 1184.3481831115823.