Unbalanced model:
Sensitivity: 0.8387096774193549
Specificity: 0.4

Balanced model:
Sensitivity: 0.7096774193548387
Specificity: 0.6666666666666666
